Adding test_data/Random Song/1.mid into path array
Length is 2500.
S|S|S.43
S|S|S
43.87
43
87.87
87
87.87
87
87.87
87
87.87
87
87.87
87
87.87
87
87.87
87
87.87
87
87.87
87
87.87
87
87.87
87
87.87
87
87.87
87
87.87
87
87.87
87
87.87
87
87.87
87
87.87
87
87.87
87
87.87
87
87.87
87
87.87
87
87.87
87
87.87
87
87.87
87
87.87
87
87.87
87
87.87
87
87.87
87
87.87
87
87.87
87
87.87
87
87.87
87
87.87
87
87.87
87
87.87
87
87.87
87
87.87
87
87.87
87
87.87
87
87.87
87
87.87
87
87.87
87
87.87
87
87.87
87
87.87
87
87.87
87
87.87
87
87.87
87
87.87
87
87.87
87
87.92
87
92.92
92
92.92
92
92.92
92
92.92
92
92.92
92
92.92
92
92.92
92
92.92
92
92.92
92
92.92
92
92.92
92
92.92
92
92.92
92
92.92
92
92.92
92
92.92
92
92.92
92
92.92
92
92.92
92
92.92
92
92.92
92
92.92
92
92.92
92
92.92
92
92.92
92
92.92
92
92.92
92
92.92
92
92.92
92
92.92
92
92.92
92
92.92
92
92.92
92
92.92
92
92.92
92
92.92
92
92.92
92
92.92
92
92.92
92
92.92
92
92.92
92
92.92
92
92.92
92
92.92
92
92.92
92
92.92
92
92.92
92
92.92
92
92.92
92
92.92
92
92.92
92
92.92
92
92.92
92
92.92
92
92.92
92
92.92
92
92.92
92
92.92
92
92.92
92
92.92
92
92.92
92
92.92
92
92.92
92
92.92
92
92.92
92
92.92
92
92.92
92
92.92
92
92.92
92
92.92
92
92.92
92
92.92
92
92.92
92
92.92
92
92.92
92
92.92
92
92.92
92
92.92
92
92.92
92
92.92
92
92.92
92
92.92
92
92.92
92
92.92
92
92.92
92
92.92
92
92.92
92
92.92
92
92.92
92
92.92
92
92.92
92
92.92
92
92.92
92
92.92
92
92.92
92
92.92
92
92.92
92
92.92
92
92.92
92
92.92
92
92.92
92
92.92
92
92.92
92
92.92
92
92.92
92
92.92
92
92.92
92
92.92
92
92.92
92
92.92
92
92.66
92
66.66
66
66.66
66
66.66
66
66.66
66
66.66
66
66.66
66
66.66
66
66.66
66
66.66
66
66.66
66
66.66
66
66.66
66
66.66
66
66.66
66
66.66
66
66.66
66
66.66
66
66.66
66
66.66
66
66.66
66
66.66
66
66.66
66
66.66
66
66.66
66
66.66
66
66.66
66
66.66
66
66.66
66
66.66
66
66.66
66
66.66
66
66.66
66
66.66
66
66.66
66
66.66
66
66.66
66
66.66
66
66.66
66
66.66
66
66.66
66
66.66
66
66.66
66
66.66
66
66.66
66
66.66
66
66.66
66
66.66
66
66.66
66
66.66
66
66.66
66
66.66
66
66.66
66
66.66
66
66.83
66
83.83
83
83.83
83
83.83
83
83.83
83
83.83
83
83.83
83
83.83
83
83.83
83
83.83
83
83.83
83
83.83
83
83.83
83
83.83
83
83.83
83
83.83
83
83.83
83
83.83
83
83.83
83
83.83
83
83.83
83
83.83
83
83.83
83
83.83
83
83.83
83
83.83
83
83.83
83
83.83
83
83.83
83
83.83
83
83.83
83
83.83
83
83.53
83
53.53
53
53.53
53
53.53
53
53.53
53
53.53
53
53.53
53
53.53
53
53.53
53
53.53
53
53.53
53
53.53
53
53.53
53
53.53
53
53.53
53
53.53
53
53.53
53
53.53
53
53.53
53
53.53
53
53.53
53
53.53
53
53.53
53
53.53
53
53.53
53
53.53
53
53.75
53
75.75
75
75.75
75
75.75
75
75.75
75
75.75
75
75.75
75
75.75
75
75.75
75
75.75
75
75.75
75
75.75
75
75.75
75
75.75
75
75.75
75
75.75
75
75.75
75
75.76
75
76.76
76
76.76
76
76.76
76
76.76
76
76.76
76
76.76
76
76.76
76
76.76
76
76.76
76
76.76
76
76.76
76
76.76
76
76.76
76
76.76
76
76.76
76
76.76
76
76.76
76
76.76
76
76.76
76
76.76
76
76.76
76
76.76
76
76.76
76
76.76
76
76.76
76
76.76
76
76.76
76
76.76
76
76.76
76
76.76
76
76.76
76
76.76
76
76.76
76
76.76
76
76.76
76
76.76
76
76.76
76
76.76
76
76.76
76
76.76
76
76.76
76
76.76
76
76.76
76
76.76
76
76.76
76
76.76
76
76.76
76
76.76
76
76.86
76
86.86
86
86.86
86
86.86
86
86.86
86
86.86
86
86.86
86
86.86
86
86.86
86
86.86
86
86.86
86
86.86
86
86.86
86
86.86
86
86.86
86
86.86
86
86.86
86
86.86
86
86.86
86
86.86
86
86.86
86
86.86
86
86.86
86
86.86
86
86.86
86
86.86
86
86.86
86
86.86
86
86.86
86
86.86
86
86.86
86
86.86
86
86.86
86
86.86
86
86.86
86
86.86
86
86.86
86
86.86
86
86.86
86
86.86
86
86.86
86
86.86
86
86.86
86
86.86
86
86.86
86
86.86
86
86.86
86
86.86
86
86.86
86
86.86
86
86.86
86
86.86
86
86.86
86
86.86
86
86.86
86
86.86
86
86.86
86
86.86
86
86.86
86
86.79
86
79.79
79
79.79
79
79.79
79
79.79
79
79.79
79
79.79
79
79.79
79
79.79
79
79.79
79
79.79
79
79.79
79
79.79
79
79.79
79
79.79
79
79.79
79
79.79
79
79.79
79
79.79
79
79.79
79
79.79
79
79.79
79
79.79
79
79.79
79
79.79
79
79.79
79
79.79
79
79.79
79
79.79
79
79.79
79
79.79
79
79.79
79
79.79
79
79.79
79
79.79
79
79.79
79
79.79
79
79.79
79
79.79
79
79.79
79
79.79
79
79.79
79
79.79
79
79.79
79
79.79
79
79.79
79
79.79
79
79.79
79
79.79
79
79.79
79
79.79
79
79.79
79
79.79
79
79.79
79
79.79
79
79.79
79
79.79
79
79.79
79
79.79
79
79.79
79
79.79
79
79.79
79
79.79
79
79.79
79
79.79
79
79.79
79
79.79
79
79.79
79
79.79
79
79.79
79
79.79
79
79.79
79
79.79
79
79.79
79
79.79
79
79.79
79
79.79
79
79.79
79
79.79
79
79.79
79
79.79
79
79.79
79
79.53
79
53.53
53
53.53
53
53.53
53
53.53
53
53.53
53
53.53
53
53.53
53
53.53
53
53.53
53
53.53
53
53.53
53
53.53
53
53.53
53
53.53
53
53.53
53
53.53
53
53.53
53
53.53
53
53.53
53
53.53
53
53.53
53
53.53
53
53.53
53
53.53
53
53.53
53
53.53
53
53.53
53
53.53
53
53.53
53
53.53
53
53.53
53
53.53
53
53.53
53
53.53
53
53.53
53
53.53
53
53.53
53
53.53
53
53.53
53
53.53
53
53.53
53
53.53
53
53.53
53
53.53
53
53.53
53
53.53
53
53.53
53
53.53
53
53.53
53
53.53
53
53.53
53
53.53
53
53.53
53
53.53
53
53.53
53
53.53
53
53.53
53
53.48
53
48.48
48
48.48
48
48.48
48
48.48
48
48.48
48
48.48
48
48.48
48
48.48
48
48.48
48
48.48
48
48.48
48
48.48
48
48.48
48
48.48
48
48.48
48
48.48
48
48.48
48
48.48
48
48.48
48
48.48
48
48.48
48
48.48
48
48.48
48
48.48
48
48.48
48
48.48
48
48.48
48
48.48
48
48.48
48
48.48
48
48.48
48
48.48
48
48.48
48
48.48
48
48.48
48
48.48
48
48.48
48
48.48
48
48.48
48
48.48
48
48.48
48
48.48
48
48.48
48
48.48
48
48.48
48
48.48
48
48.48
48
48.48
48
48.48
48
48.48
48
48.48
48
48.31
48
31.31
31
31.31
31
31.31
31
31.31
31
31.31
31
31.31
31
31.31
31
31.31
31
31.31
31
31.31
31
31.31
31
31.31
31
31.31
31
31.31
31
31.31
31
31.31
31
31.31
31
31.31
31
31.31
31
31.31
31
31.31
31
31.31
31
31.31
31
31.31
31
31.31
31
31.31
31
31.31
31
31.31
31
31.31
31
31.31
31
31.31
31
31.31
31
31.31
31
31.31
31
31.31
31
31.31
31
31.31
31
31.31
31
31.31
31
31.31
31
31.31
31
31.31
31
31.31
31
31.31
31
31.31
31
31.31
31
31.31
31
31.31
31
31.31
31
31.31
31
31.31
31
31.31
31
31.31
31
31.31
31
31.31
31
31.31
31
31.31
31
31.31
31
31.31
31
31.100
31
100.100
100
100.100
100
100.100
100
100.100
100
100.100
100
100.100
100
100.100
100
100.100
100
100.100
100
100.100
100
100.100
100
100.100
100
100.100
100
100.100
100
100.100
100
100.100
100
100.100
100
100.100
100
100.100
100
100.100
100
100.100
100
100.100
100
100.100
100
100.100
100
100.100
100
100.100
100
100.100
100
100.100
100
100.100
100
100.100
100
100.100
100
100.100
100
100.100
100
100.100
100
100.100
100
100.100
100
100.100
100
100.100
100
100.100
100
100.100
100
100.100
100
100.100
100
100.100
100
100.100
100
100.100
100
100.100
100
100.100
100
100.100
100
100.100
100
100.100
100
100.100
100
100.100
100
100.100
100
100.100
100
100.100
100
100.100
100
100.100
100
100.100
100
100.100
100
100.100
100
100.100
100
100.100
100
100.100
100
100.100
100
100.100
100
100.79
100
79.79
79
79.79
79
79.79
79
79.79
79
79.79
79
79.79
79
79.79
79
79.79
79
79.79
79
79.79
79
79.79
79
79.79
79
79.79
79
79.79
79
79.79
79
79.79
79
79.79
79
79.79
79
79.79
79
79.79
79
79.79
79
79.79
79
79.79
79
79.79
79
79.79
79
79.79
79
79.79
79
79.79
79
79.79
79
79.79
79
79.79
79
79.79
79
79.79
79
79.79
79
79.79
79
79.79
79
79.79
79
79.79
79
79.79
79
79.79
79
79.79
79
79.79
79
79.79
79
79.79
79
79.79
79
79.79
79
79.79
79
79.79
79
79.79
79
79.79
79
79.79
79
79.79
79
79.79
79
79.79
79
79.79
79
79.79
79
79.79
79
79.79
79
79.79
79
79.79
79
79.79
79
79.79
79
79.79
79
79.79
79
79.79
79
79.79
79
79.79
79
79.79
79
79.79
79
79.79
79
79.79
79
79.79
79
79.79
79
79.79
79
79.79
79
79.79
79
79.79
79
79.79
79
79.79
79
79.79
79
79.79
79
79.79
79
79.79
79
79.79
79
79.79
79
79.79
79
79.62
79
62.62
62
62.62
62
62.62
62
62.62
62
62.62
62
62.62
62
62.62
62
62.62
62
62.62
62
62.62
62
62.62
62
62.62
62
62.62
62
62.62
62
62.62
62
62.62
62
62.62
62
62.62
62
62.62
62
62.62
62
62.62
62
62.62
62
62.62
62
62.62
62
62.62
62
62.62
62
62.62
62
62.62
62
62.62
62
62.25
62
25.25
25
25.25
25
25.25
25
25.25
25
25.25
25
25.25
25
25.25
25
25.25
25
25.25
25
25.25
25
25.25
25
25.25
25
25.25
25
25.25
25
25.25
25
25.25
25
25.25
25
25.25
25
25.25
25
25.25
25
25.25
25
25.25
25
25.25
25
25.25
25
25.25
25
25.25
25
25.25
25
25.25
25
25.25
25
25.25
25
25.25
25
25.25
25
25.25
25
25.25
25
25.25
25
25.25
25
25.25
25
25.25
25
25.25
25
25.25
25
25.25
25
25.25
25
25.25
25
25.25
25
25.25
25
25.25
25
25.25
25
25.25
25
25.25
25
25.25
25
25.25
25
25.25
25
25.25
25
25.25
25
25.25
25
25.25
25
25.25
25
25.25
25
25.25
25
25.25
25
25.25
25
25.25
25
25.25
25
25.25
25
25.25
25
25.25
25
25.25
25
25.25
25
25.25
25
25.25
25
25.25
25
25.25
25
25.25
25
25.25
25
25.25
25
25.25
25
25.25
25
25.25
25
25.25
25
25.25
25
25.25
25
25.25
25
25.25
25
25.25
25
25.25
25
25.25
25
25.25
25
25.25
25
25.25
25
25.25
25
25.25
25
25.25
25
25.25
25
25.25
25
25.25
25
25.25
25
25.25
25
25.25
25
25.25
25
25.25
25
25.25
25
25.25
25
25.25
25
25.25
25
25.25
25
25.25
25
25.25
25
25.25
25
25.25
25
25.25
25
25.25
25
25.25
25
25.25
25
25.25
25
25.64
25
64.64
64
64.64
64
64.64
64
64.64
64
64.64
64
64.64
64
64.64
64
64.64
64
64.64
64
64.64
64
64.64
64
64.64
64
64.64
64
64.64
64
64.64
64
64.64
64
64.64
64
64.64
64
64.64
64
64.64
64
64.64
64
64.64
64
64.64
64
64.64
64
64.64
64
64.64
64
64.64
64
64.64
64
64.64
64
64.64
64
64.64
64
64.64
64
64.64
64
64.64
64
64.64
64
64.64
64
64.64
64
64.64
64
64.64
64
64.64
64
64.64
64
64.64
64
64.64
64
64.64
64
64.64
64
64.64
64
64.64
64
64.64
64
64.64
64
64.64
64
64.64
64
64.64
64
64.64
64
64.64
64
64.64
64
64.64
64
64.64
64
64.64
64
64.64
64
64.64
64
64.64
64
64.64
64
64.64
64
64.64
64
64.64
64
64.64
64
64.64
64
64.64
64
64.64
64
64.64
64
64.64
64
64.64
64
64.64
64
64.64
64
64.64
64
64.64
64
64.64
64
64.64
64
64.64
64
64.64
64
64.64
64
64.64
64
64.64
64
64.64
64
64.64
64
64.64
64
64.64
64
64.64
64
64.64
64
64.64
64
64.64
64
64.88
64
88.88
88
88.88
88
88.88
88
88.88
88
88.88
88
88.88
88
88.88
88
88.88
88
88.88
88
88.88
88
88.88
88
88.88
88
88.88
88
88.88
88
88.88
88
88.88
88
88.88
88
88.88
88
88.88
88
88.88
88
88.88
88
88.88
88
88.88
88
88.88
88
88.88
88
88.88
88
88.88
88
88.88
88
88.88
88
88.88
88
88.88
88
88.88
88
88.88
88
88.88
88
88.84
88
84.84
84
84.84
84
84.84
84
84.84
84
84.84
84
84.84
84
84.84
84
84.84
84
84.84
84
84.84
84
84.84
84
84.84
84
84.84
84
84.84
84
84.84
84
84.84
84
84.84
84
84.84
84
84.84
84
84.84
84
84.84
84
84.84
84
84.84
84
84.84
84
84.84
84
84.84
84
84.84
84
84.84
84
84.84
84
84.84
84
84.84
84
84.84
84
84.84
84
84.84
84
84.84
84
84.84
84
84.84
84
84.84
84
84.84
84
84.84
84
84.84
84
84.84
84
84.84
84
84.84
84
84.84
84
84.84
84
84.84
84
84.84
84
84.84
84
84.84
84
84.84
84
84.84
84
84.84
84
84.84
84
84.84
84
84.84
84
84.84
84
84.84
84
84.84
84
84.84
84
84.84
84
84.84
84
84.84
84
84.84
84
84.84
84
84.84
84
84.84
84
84.84
84
84.84
84
84.84
84
84.84
84
84.84
84
84.84
84
84.84
84
84.84
84
84.84
84
84.84
84
84.84
84
84.84
84
84.84
84
84.84
84
84.84
84
84.84
84
84.84
84
84.84
84
84.84
84
84.84
84
84.84
84
84.84
84
84.84
84
84.84
84
84.84
84
84.84
84
84.84
84
84.84
84
84.84
84
84.84
84
84.84
84
84.84
84
84.84
84
84.84
84
84.84
84
84.84
84
84.38
84
38.38
38
38.38
38
38.38
38
38.38
38
38.38
38
38.38
38
38.38
38
38.38
38
38.38
38
38.38
38
38.38
38
38.38
38
38.38
38
38.38
38
38.38
38
38.38
38
38.38
38
38.38
38
38.38
38
38.38
38
38.38
38
38.38
38
38.38
38
38.38
38
38.38
38
38.38
38
38.38
38
38.38
38
38.38
38
38.38
38
38.38
38
38.38
38
38.38
38
38.38
38
38.38
38
38.38
38
38.38
38
38.38
38
38.38
38
38.38
38
38.38
38
38.38
38
38.55
38
55.55
55
55.55
55
55.55
55
55.55
55
55.55
55
55.55
55
55.55
55
55.55
55
55.55
55
55.55
55
55.55
55
55.55
55
55.55
55
55.55
55
55.55
55
55.55
55
55.55
55
55.55
55
55.55
55
55.55
55
55.55
55
55.55
55
55.55
55
55.55
55
55.55
55
55.55
55
55.55
55
55.55
55
55.55
55
55.55
55
55.55
55
55.55
55
55.55
55
55.55
55
55.55
55
55.55
55
55.55
55
55.55
55
55.55
55
55.55
55
55.55
55
55.55
55
55.55
55
55.55
55
55.55
55
55.55
55
55.55
55
55.55
55
55.55
55
55.55
55
55.55
55
55.55
55
55.55
55
55.55
55
55.55
55
55.55
55
55.55
55
55.55
55
55.55
55
55.55
55
55.55
55
55.53
55
53.53
53
53.53
53
53.53
53
53.53
53
53.53
53
53.53
53
53.53
53
53.53
53
53.53
53
53.53
53
53.53
53
53.53
53
53.53
53
53.53
53
53.53
53
53.53
53
53.53
53
53.53
53
53.53
53
53.53
53
53.53
53
53.53
53
53.53
53
53.53
53
53.53
53
53.53
53
53.53
53
53.53
53
53.53
53
53.53
53
53.53
53
53.53
53
53.53
53
53.53
53
53.53
53
53.53
53
53.53
53
53.53
53
53.53
53
53.53
53
53.53
53
53.53
53
53.53
53
53.53
53
53.53
53
53.53
53
53.53
53
53.53
53
53.53
53
53.53
53
53.53
53
53.53
53
53.87
53
87.87
87
87.87
87
87.87
87
87.87
87
87.87
87
87.87
87
87.87
87
87.87
87
87.87
87
87.87
87
87.87
87
87.87
87
87.87
87
87.87
87
87.87
87
87.87
87
87.87
87
87.87
87
87.87
87
87.87
87
87.87
87
87.87
87
87.87
87
87.87
87
87.87
87
87.87
87
87.87
87
87.87
87
87.87
87
87.87
87
87.87
87
87.87
87
87.87
87
87.87
87
87.87
87
87.87
87
87.87
87
87.87
87
87.87
87
87.87
87
87.87
87
87.87
87
87.87
87
87.87
87
87.87
87
87.87
87
87.87
87
87.87
87
87.26
87
26.26
26
26.26
26
26.26
26
26.26
26
26.26
26
26.26
26
26.26
26
26.26
26
26.26
26
26.26
26
26.26
26
26.26
26
26.26
26
26.26
26
26.26
26
26.26
26
26.26
26
26.26
26
26.26
26
26.26
26
26.26
26
26.26
26
26.26
26
26.26
26
26.26
26
26.26
26
26.26
26
26.26
26
26.26
26
26.26
26
26.26
26
26.26
26
26.26
26
26.26
26
26.26
26
26.26
26
26.26
26
26.26
26
26.26
26
26.26
26
26.26
26
26.26
26
26.26
26
26.26
26
26.26
26
26.26
26
26.26
26
26.26
26
26.26
26
26.26
26
26.26
26
26.26
26
26.26
26
26.26
26
26.26
26
26.26
26
26.26
26
26.26
26
26.26
26
26.26
26
26.26
26
26.26
26
26.26
26
26.26
26
26.26
26
26.26
26
26.26
26
26.26
26
26.26
26
26.26
26
26.26
26
26.26
26
26.26
26
26.26
26
26.26
26
26.26
26
26.26
26
26.26
26
26.26
26
26.26
26
26.26
26
26.26
26
26.26
26
26.26
26
26.26
26
26.26
26
26.26
26
26.26
26
26.26
26
26.48
26
48.48
48
48.48
48
48.48
48
48.48
48
48.48
48
48.48
48
48.48
48
48.48
48
48.48
48
48.48
48
48.48
48
48.48
48
48.48
48
48.48
48
48.48
48
48.48
48
48.48
48
48.48
48
48.48
48
48.48
48
48.48
48
48.48
48
48.48
48
48.48
48
48.48
48
48.48
48
48.48
48
48.48
48
48.48
48
48.48
48
48.48
48
48.48
48
48.48
48
48.48
48
48.48
48
48.48
48
48.48
48
48.48
48
48.48
48
48.48
48
48.48
48
48.48
48
48.48
48
48.48
48
48.48
48
48.48
48
48.48
48
48.48
48
48.48
48
48.48
48
48.48
48
48.48
48
48.48
48
48.48
48
48.48
48
48.48
48
48.48
48
48.48
48
48.41
48
41.41
41
41.41
41
41.41
41
41.41
41
41.41
41
41.41
41
41.41
41
41.41
41
41.41
41
41.41
41
41.41
41
41.41
41
41.41
41
41.41
41
41.41
41
41.41
41
41.41
41
41.41
41
41.41
41
41.41
41
41.41
41
41.41
41
41.41
41
41.41
41
41.41
41
41.41
41
41.41
41
41.41
41
41.41
41
41.41
41
41.41
41
41.41
41
41.41
41
41.41
41
41.41
41
41.41
41
41.41
41
41.41
41
41.41
41
41.41
41
41.41
41
41.41
41
41.41
41
41.41
41
41.41
41
41.41
41
41.41
41
41.41
41
41.41
41
41.41
41
41.41
41
41.41
41
41.41
41
41.41
41
41.41
41
41.41
41
41.41
41
41.41
41
41.41
41
41.41
41
41.41
41
41.41
41
41.41
41
41.41
41
41.41
41
41.41
41
41.41
41
41.41
41
41.41
41
41.41
41
41.41
41
41.41
41
41.41
41
41.41
41
41.41
41
41.41
41
41.41
41
41.41
41
41.41
41
41.41
41
41.41
41
41.41
41
41.50
41
50.50
50
50.50
50
50.50
50
50.50
50
50.50
50
50.50
50
50.50
50
50.50
50
50.50
50
50.50
50
50.50
50
50.50
50
50.50
50
50.50
50
50.50
50
50.50
50
50.50
50
50.50
50
50.50
50
50.50
50
50.50
50
50.50
50
50.50
50
50.50
50
50.50
50
50.50
50
50.50
50
50.50
50
50.50
50
50.50
50
50.50
50
50.50
50
50.50
50
50.50
50
50.50
50
50.50
50
50.50
50
50.50
50
50.50
50
50.50
50
50.50
50
50.50
50
50.50
50
50.50
50
50.50
50
50.50
50
50.50
50
50.50
50
50.50
50
50.50
50
50.50
50
50.50
50
50.50
50
50.50
50
50.50
50
50.50
50
50.50
50
50.50
50
50.50
50
50.50
50
50.50
50
50.50
50
50.50
50
50.50
50
50.50
50
50.50
50
50.50
50
50.50
50
50.50
50
50.50
50
50.50
50
50.50
50
50.50
50
50.50
50
50.50
50
50.50
50
50.50
50
50.50
50
50.50
50
50.50
50
50.50
50
50.50
50
50.50
50
50.50
50
50.50
50
50.50
50
50.50
50
50.50
50
50.50
50
50.50
50
50.50
50
50.50
50
50.49
50
49.49
49
49.49
49
49.49
49
49.49
49
49.49
49
49.49
49
49.49
49
49.49
49
49.49
49
49.49
49
49.49
49
49.49
49
49.49
49
49.49
49
49.49
49
49.49
49
49.49
49
49.49
49
49.49
49
49.49
49
49.49
49
49.49
49
49.49
49
49.49
49
49.49
49
49.49
49
49.49
49
49.49
49
49.49
49
49.49
49
49.49
49
49.49
49
49.49
49
49.49
49
49.49
49
49.90
49
90.90
90
90.90
90
90.90
90
90.90
90
90.90
90
90.90
90
90.90
90
90.90
90
90.90
90
90.90
90
90.90
90
90.90
90
90.90
90
90.90
90
90.90
90
90.90
90
90.90
90
90.90
90
90.90
90
90.90
90
90.90
90
90.90
90
90.90
90
90.90
90
90.90
90
90.90
90
90.90
90
90.90
90
90.90
90
90.90
90
90.90
90
90.90
90
90.90
90
90.90
90
90.90
90
90.90
90
90.90
90
90.90
90
90.90
90
90.90
90
90.90
90
90.90
90
90.90
90
90.90
90
90.90
90
90.90
90
90.90
90
90.90
90
90.90
90
90.90
90
90.90
90
90.90
90
90.90
90
90.90
90
90.90
90
90.90
90
90.90
90
90.90
90
90.90
90
90.90
90
90.90
90
90.90
90
90.90
90
90.90
90
90.90
90
90.90
90
90.90
90
90.90
90
90.90
90
90.90
90
90.90
90
90.90
90
90.90
90
90.90
90
90.90
90
90.90
90
90.90
90
90.90
90
90.90
90
90.90
90
90.90
90
90.90
90
90.90
90
90.90
90
90.90
90
90.90
90
90.90
90
90.90
90
90.90
90
90.90
90
90.90
90
90.90
90
90.90
90
90.90
90
90.90
90
90.90
90
90.90
90
90.90
90
90.90
90
90.90
90
90.90
90
90.90
90
90.90
90
90.90
90
90.90
90
90.90
90
90.90
90
90.90
90
90.90
90
90.90
90
90.90
90
90.90
90
90.90
90
90.90
90
90.90
90
90.90
90
90.90
90
90.90
90
90.90
90
90.90
90
90.90
90
90.90
90
90.90
90
90.34
90
34.34
34
34.34
34
34.34
34
34.34
34
34.34
34
34.34
34
34.34
34
34.34
34
34.34
34
34.34
34
34.34
34
34.34
34
34.34
34
34.34
34
34.34
34
34.34
34
34.34
34
34.34
34
34.34
34
34.34
34
34.34
34
34.34
34
34.34
34
34.34
34
34.34
34
34.34
34
34.34
34
34.34
34
34.34
34
34.34
34
34.34
34
34.34
34
34.34
34
34.34
34
34.34
34
34.34
34
34.34
34
34.34
34
34.34
34
34.34
34
34.34
34
34.34
34
34.34
34
34.34
34
34.34
34
34.34
34
34.34
34
34.34
34
34.34
34
34.34
34
34.34
34
34.34
34
34.34
34
34.34
34
34.34
34
34.34
34
34.34
34
34.34
34
34.100
34
100.100
100
100.100
100
100.100
100
100.100
100
100.100
100
100.100
100
100.100
100
100.100
100
100.100
100
100.100
100
100.100
100
100.100
100
100.100
100
100.100
100
100.100
100
100.100
100
100.100
100
100.100
100
100.100
100
100.100
100
100.100
100
100.100
100
100.100
100
100.100
100
100.100
100
100.100
100
100.100
100
100.100
100
100.100
100
100.100
100
100.100
100
100.100
100
100.100
100
100.100
100
100.100
100
100.100
100
100.100
100
100.100
100
100.100
100
100.100
100
100.100
100
100.100
100
100.100
100
100.100
100
100.100
100
100.100
100
100.100
100
100.100
100
100.100
100
100.100
100
100.100
100
100.100
100
100.100
100
100.100
100
100.100
100
100.100
100
100.100
100
100.100
100
100.100
100
100.100
100
100.82
100
82.82
82
82.82
82
82.82
82
82.82
82
82.82
82
82.82
82
82.82
82
82.82
82
82.82
82
82.82
82
82.82
82
82.82
82
82.82
82
82.82
82
82.82
82
82.82
82
82.82
82
82.82
82
82.82
82
82.82
82
82.82
82
82.82
82
82.82
82
82.82
82
82.82
82
82.82
82
82.82
82
82.82
82
82.82
82
82.82
82
82.82
82
82.82
82
82.82
82
82.82
82
82.82
82
82.82
82
82.82
82
82.82
82
82.82
82
82.82
82
82.82
82
82.82
82
82.82
82
82.82
82
82.82
82
82.82
82
82.82
82
82.82
82
82.82
82
82.82
82
82.82
82
82.82
82
82.82
82
82.82
82
82.82
82
82.82
82
82.82
82
82.82
82
82.82
82
82.82
82
82.82
82
82.82
82
82.82
82
82.82
82
82.82
82
82.82
82
82.82
82
82.82
82
82.82
82
82.82
82
82.82
82
82.82
82
82.82
82
82.82
82
82.82
82
82.82
82
82.82
82
82.82
82
82.82
82
82.82
82
82.82
82
82.82
82
82.82
82
82.82
82
82.82
82
82.82
82
82.82
82
82.82
82
82.82
82
82.82
82
82.82
82
82.82
82
82.82
82
82.82
82
82.82
82
82.76
82
76.76
76
76.76
76
76.76
76
76.76
76
76.76
76
76.76
76
76.76
76
76.76
76
76.76
76
76.76
76
76.76
76
76.76
76
76.76
76
76.76
76
76.76
76
76.76
76
76.76
76
76.76
76
76.76
76
76.76
76
76.76
76
76.76
76
76.76
76
76.76
76
76.76
76
76.76
76
76.76
76
76.76
76
76.76
76
76.76
76
76.76
76
76.76
76
76.76
76
76.76
76
76.76
76
76.76
76
76.76
76
76.76
76
76.76
76
76.76
76
76.76
76
76.76
76
76.76
76
76.76
76
76.76
76
76.76
76
76.76
76
76.76
76
76.76
76
76.76
76
76.76
76
76.76
76
76.76
76
76.76
76
76.76
76
76.76
76
76.76
76
76.76
76
76.76
76
76.76
76
76.76
76
76.76
76
76.76
76
76.76
76
76.76
76
76.76
76
76.76
76
76.76
76
76.76
76
76.76
76
76.76
76
76.76
76
76.76
76
76.76
76
76.97
76
97.97
97
97.97
97
97.97
97
97.97
97
97.97
97
97.97
97
97.97
97
97.97
97
97.97
97
97.97
97
97.97
97
97.97
97
97.97
97
97.97
97
97.97
97
97.97
97
97.97
97
97.97
97
97.97
97
97.97
97
97.97
97
97.97
97
97.97
97
97.97
97
97.97
97
97.97
97
97.97
97
97.97
97
97.97
97
97.97
97
97.49
97
49.49
49
49.49
49
49.49
49
49.49
49
49.49
49
49.49
49
49.49
49
49.49
49
49.49
49
49.49
49
49.49
49
49.49
49
49.49
49
49.49
49
49.49
49
49.49
49
49.49
49
49.49
49
49.49
49
49.49
49
49.49
49
49.49
49
49.49
49
49.49
49
49.49
49
49.49
49
49.49
49
49.49
49
49.49
49
49.49
49
49.49
49
49.49
49
49.49
49
49.49
49
49.49
49
49.49
49
49.49
49
49.49
49
49.49
49
49.49
49
49.49
49
49.49
49
49.95
49
95.95
95
95.95
95
95.95
95
95.95
95
95.95
95
95.95
95
95.95
95
95.95
95
95.95
95
95.95
95
95.95
95
95.95
95
95.95
95
95.95
95
95.95
95
95.95
95
95.95
95
95.95
95
95.95
95
95.95
95
95.95
95
95.95
95
95.95
95
95.95
95
95.95
95
95.95
95
95.95
95
95.95
95
95.95
95
95.95
95
95.95
95
95.95
95
95.95
95
95.95
95
95.95
95
95.95
95
95.95
95
95.85
95
85.85
85
85.85
85
85.85
85
85.85
85
85.85
85
85.85
85
85.85
85
85.85
85
85.85
85
85.85
85
85.85
85
85.85
85
85.85
85
85.85
85
85.85
85
85.85
85
85.85
85
85.85
85
85.85
85
85.85
85
85.85
85
85.85
85
85.85
85
85.85
85
85.85
85
85.85
85
85.85
85
85.85
85
85.85
85
85.85
85
85.85
85
85.85
85
85.85
85
85.85
85
85.85
85
85.60
85
60.60
60
60.60
60
60.60
60
60.60
60
60.60
60
60.60
60
60.60
60
60.60
60
60.60
60
60.60
60
60.60
60
60.60
60
60.60
60
60.60
60
60.60
60
60.60
60
60.21
60
21.21
21
21.21
21
21.21
21
21.21
21
21.21
21
21.21
21
21.21
21
21.21
21
21.21
21
21.21
21
21.21
21
21.21
21
21.21
21
21.21
21
21.21
21
21.21
21
21.21
21
21.21
21
21.21
21
21.21
21
21.21
21
21.21
21
21.21
21
21.21
21
21.21
21
21.21
21
21.21
21
21.21
21
21.21
21
21.21
21
21.21
21
21.21
21
21.21
21
21.21
21
21.21
21
21.21
21
21.21
21
21.21
21
21.21
21
21.21
21
21.21
21
21.21
21
21.21
21
21.21
21
21.21
21
21.21
21
21.21
21
21.21
21
21.21
21
21.21
21
21.21
21
21.21
21
21.21
21
21.21
21
21.21
21
21.21
21
21.21
21
21.21
21
21.21
21
21.21
21
21.21
21
21.21
21
21.21
21
21.21
21
21.21
21
21.21
21
21.21
21
21.21
21
21.21
21
21.43
21
43.43
43
43.43
43
43.43
43
43.43
43
43.43
43
43.43
43
43.43
43
43.43
43
43.43
43
43.43
43
43.43
43
43.43
43
43.43
43
43.43
43
43.43
43
43.43
43
43.43
43
43.43
43
43.43
43
43.43
43
43.43
43
43.43
43
43.43
43
43.43
43
43.43
43
43.43
43
43.43
43
43.43
43
43.43
43
43.43
43
43.43
43
43.43
43
43.43
43
43.43
43
43.43
43
43.43
43
43.43
43
43.43
43
43.43
43
43.43
43
43.43
43
43.43
43
43.43
43
43.43
43
43.43
43
43.43
43
43.43
43
43.43
43
43.43
43
43.43
43
43.43
43
43.43
43
43.43
43
43.43
43
43.43
43
43.43
43
43.43
43
43.43
43
43.43
43
43.43
43
43.43
43
43.43
43
43.43
43
43.43
43
43.43
43
43.43
43
43.43
43
43.43
43
43.43
43
43.43
43
43.43
43
43.43
43
43.43
43
43.43
43
43.43
43
43.43
43
43.43
43
43.43
43
43.43
43
43.43
43
43.43
43
43.43
43
43.43
43
43.43
43
43.43
43
43.43
43
43.43
43
43.43
43
43.43
43
43.43
43
43.43
43
43.43
43
43.43
43
43.43
43
43.43
43
43.43
43
43.43
43
43.43
43
43.43
43
S|S|S.S|S|S.43
S|S|S
S|S|S.43.87
S|S|S.43
43.87.87
43.87
87.87.87
87.87
87.87.87
87.87
87.87.87
87.87
87.87.87
87.87
87.87.87
87.87
87.87.87
87.87
87.87.87
87.87
87.87.87
87.87
87.87.87
87.87
87.87.87
87.87
87.87.87
87.87
87.87.87
87.87
87.87.87
87.87
87.87.87
87.87
87.87.87
87.87
87.87.87
87.87
87.87.87
87.87
87.87.87
87.87
87.87.87
87.87
87.87.87
87.87
87.87.87
87.87
87.87.87
87.87
87.87.87
87.87
87.87.87
87.87
87.87.87
87.87
87.87.87
87.87
87.87.87
87.87
87.87.87
87.87
87.87.87
87.87
87.87.87
87.87
87.87.87
87.87
87.87.87
87.87
87.87.87
87.87
87.87.87
87.87
87.87.87
87.87
87.87.87
87.87
87.87.87
87.87
87.87.87
87.87
87.87.87
87.87
87.87.87
87.87
87.87.87
87.87
87.87.87
87.87
87.87.87
87.87
87.87.87
87.87
87.87.87
87.87
87.87.87
87.87
87.87.87
87.87
87.87.87
87.87
87.87.87
87.87
87.87.87
87.87
87.87.92
87.87
87.92.92
87.92
92.92.92
92.92
92.92.92
92.92
92.92.92
92.92
92.92.92
92.92
92.92.92
92.92
92.92.92
92.92
92.92.92
92.92
92.92.92
92.92
92.92.92
92.92
92.92.92
92.92
92.92.92
92.92
92.92.92
92.92
92.92.92
92.92
92.92.92
92.92
92.92.92
92.92
92.92.92
92.92
92.92.92
92.92
92.92.92
92.92
92.92.92
92.92
92.92.92
92.92
92.92.92
92.92
92.92.92
92.92
92.92.92
92.92
92.92.92
92.92
92.92.92
92.92
92.92.92
92.92
92.92.92
92.92
92.92.92
92.92
92.92.92
92.92
92.92.92
92.92
92.92.92
92.92
92.92.92
92.92
92.92.92
92.92
92.92.92
92.92
92.92.92
92.92
92.92.92
92.92
92.92.92
92.92
92.92.92
92.92
92.92.92
92.92
92.92.92
92.92
92.92.92
92.92
92.92.92
92.92
92.92.92
92.92
92.92.92
92.92
92.92.92
92.92
92.92.92
92.92
92.92.92
92.92
92.92.92
92.92
92.92.92
92.92
92.92.92
92.92
92.92.92
92.92
92.92.92
92.92
92.92.92
92.92
92.92.92
92.92
92.92.92
92.92
92.92.92
92.92
92.92.92
92.92
92.92.92
92.92
92.92.92
92.92
92.92.92
92.92
92.92.92
92.92
92.92.92
92.92
92.92.92
92.92
92.92.92
92.92
92.92.92
92.92
92.92.92
92.92
92.92.92
92.92
92.92.92
92.92
92.92.92
92.92
92.92.92
92.92
92.92.92
92.92
92.92.92
92.92
92.92.92
92.92
92.92.92
92.92
92.92.92
92.92
92.92.92
92.92
92.92.92
92.92
92.92.92
92.92
92.92.92
92.92
92.92.92
92.92
92.92.92
92.92
92.92.92
92.92
92.92.92
92.92
92.92.92
92.92
92.92.92
92.92
92.92.92
92.92
92.92.92
92.92
92.92.92
92.92
92.92.92
92.92
92.92.92
92.92
92.92.92
92.92
92.92.92
92.92
92.92.92
92.92
92.92.92
92.92
92.92.92
92.92
92.92.92
92.92
92.92.92
92.92
92.92.92
92.92
92.92.92
92.92
92.92.92
92.92
92.92.92
92.92
92.92.92
92.92
92.92.92
92.92
92.92.92
92.92
92.92.92
92.92
92.92.92
92.92
92.92.92
92.92
92.92.92
92.92
92.92.92
92.92
92.92.66
92.92
92.66.66
92.66
66.66.66
66.66
66.66.66
66.66
66.66.66
66.66
66.66.66
66.66
66.66.66
66.66
66.66.66
66.66
66.66.66
66.66
66.66.66
66.66
66.66.66
66.66
66.66.66
66.66
66.66.66
66.66
66.66.66
66.66
66.66.66
66.66
66.66.66
66.66
66.66.66
66.66
66.66.66
66.66
66.66.66
66.66
66.66.66
66.66
66.66.66
66.66
66.66.66
66.66
66.66.66
66.66
66.66.66
66.66
66.66.66
66.66
66.66.66
66.66
66.66.66
66.66
66.66.66
66.66
66.66.66
66.66
66.66.66
66.66
66.66.66
66.66
66.66.66
66.66
66.66.66
66.66
66.66.66
66.66
66.66.66
66.66
66.66.66
66.66
66.66.66
66.66
66.66.66
66.66
66.66.66
66.66
66.66.66
66.66
66.66.66
66.66
66.66.66
66.66
66.66.66
66.66
66.66.66
66.66
66.66.66
66.66
66.66.66
66.66
66.66.66
66.66
66.66.66
66.66
66.66.66
66.66
66.66.66
66.66
66.66.66
66.66
66.66.66
66.66
66.66.66
66.66
66.66.66
66.66
66.66.83
66.66
66.83.83
66.83
83.83.83
83.83
83.83.83
83.83
83.83.83
83.83
83.83.83
83.83
83.83.83
83.83
83.83.83
83.83
83.83.83
83.83
83.83.83
83.83
83.83.83
83.83
83.83.83
83.83
83.83.83
83.83
83.83.83
83.83
83.83.83
83.83
83.83.83
83.83
83.83.83
83.83
83.83.83
83.83
83.83.83
83.83
83.83.83
83.83
83.83.83
83.83
83.83.83
83.83
83.83.83
83.83
83.83.83
83.83
83.83.83
83.83
83.83.83
83.83
83.83.83
83.83
83.83.83
83.83
83.83.83
83.83
83.83.83
83.83
83.83.83
83.83
83.83.83
83.83
83.83.53
83.83
83.53.53
83.53
53.53.53
53.53
53.53.53
53.53
53.53.53
53.53
53.53.53
53.53
53.53.53
53.53
53.53.53
53.53
53.53.53
53.53
53.53.53
53.53
53.53.53
53.53
53.53.53
53.53
53.53.53
53.53
53.53.53
53.53
53.53.53
53.53
53.53.53
53.53
53.53.53
53.53
53.53.53
53.53
53.53.53
53.53
53.53.53
53.53
53.53.53
53.53
53.53.53
53.53
53.53.53
53.53
53.53.53
53.53
53.53.53
53.53
53.53.53
53.53
53.53.75
53.53
53.75.75
53.75
75.75.75
75.75
75.75.75
75.75
75.75.75
75.75
75.75.75
75.75
75.75.75
75.75
75.75.75
75.75
75.75.75
75.75
75.75.75
75.75
75.75.75
75.75
75.75.75
75.75
75.75.75
75.75
75.75.75
75.75
75.75.75
75.75
75.75.75
75.75
75.75.75
75.75
75.75.76
75.75
75.76.76
75.76
76.76.76
76.76
76.76.76
76.76
76.76.76
76.76
76.76.76
76.76
76.76.76
76.76
76.76.76
76.76
76.76.76
76.76
76.76.76
76.76
76.76.76
76.76
76.76.76
76.76
76.76.76
76.76
76.76.76
76.76
76.76.76
76.76
76.76.76
76.76
76.76.76
76.76
76.76.76
76.76
76.76.76
76.76
76.76.76
76.76
76.76.76
76.76
76.76.76
76.76
76.76.76
76.76
76.76.76
76.76
76.76.76
76.76
76.76.76
76.76
76.76.76
76.76
76.76.76
76.76
76.76.76
76.76
76.76.76
76.76
76.76.76
76.76
76.76.76
76.76
76.76.76
76.76
76.76.76
76.76
76.76.76
76.76
76.76.76
76.76
76.76.76
76.76
76.76.76
76.76
76.76.76
76.76
76.76.76
76.76
76.76.76
76.76
76.76.76
76.76
76.76.76
76.76
76.76.76
76.76
76.76.76
76.76
76.76.76
76.76
76.76.76
76.76
76.76.76
76.76
76.76.76
76.76
76.76.86
76.76
76.86.86
76.86
86.86.86
86.86
86.86.86
86.86
86.86.86
86.86
86.86.86
86.86
86.86.86
86.86
86.86.86
86.86
86.86.86
86.86
86.86.86
86.86
86.86.86
86.86
86.86.86
86.86
86.86.86
86.86
86.86.86
86.86
86.86.86
86.86
86.86.86
86.86
86.86.86
86.86
86.86.86
86.86
86.86.86
86.86
86.86.86
86.86
86.86.86
86.86
86.86.86
86.86
86.86.86
86.86
86.86.86
86.86
86.86.86
86.86
86.86.86
86.86
86.86.86
86.86
86.86.86
86.86
86.86.86
86.86
86.86.86
86.86
86.86.86
86.86
86.86.86
86.86
86.86.86
86.86
86.86.86
86.86
86.86.86
86.86
86.86.86
86.86
86.86.86
86.86
86.86.86
86.86
86.86.86
86.86
86.86.86
86.86
86.86.86
86.86
86.86.86
86.86
86.86.86
86.86
86.86.86
86.86
86.86.86
86.86
86.86.86
86.86
86.86.86
86.86
86.86.86
86.86
86.86.86
86.86
86.86.86
86.86
86.86.86
86.86
86.86.86
86.86
86.86.86
86.86
86.86.86
86.86
86.86.86
86.86
86.86.86
86.86
86.86.86
86.86
86.86.86
86.86
86.86.86
86.86
86.86.79
86.86
86.79.79
86.79
79.79.79
79.79
79.79.79
79.79
79.79.79
79.79
79.79.79
79.79
79.79.79
79.79
79.79.79
79.79
79.79.79
79.79
79.79.79
79.79
79.79.79
79.79
79.79.79
79.79
79.79.79
79.79
79.79.79
79.79
79.79.79
79.79
79.79.79
79.79
79.79.79
79.79
79.79.79
79.79
79.79.79
79.79
79.79.79
79.79
79.79.79
79.79
79.79.79
79.79
79.79.79
79.79
79.79.79
79.79
79.79.79
79.79
79.79.79
79.79
79.79.79
79.79
79.79.79
79.79
79.79.79
79.79
79.79.79
79.79
79.79.79
79.79
79.79.79
79.79
79.79.79
79.79
79.79.79
79.79
79.79.79
79.79
79.79.79
79.79
79.79.79
79.79
79.79.79
79.79
79.79.79
79.79
79.79.79
79.79
79.79.79
79.79
79.79.79
79.79
79.79.79
79.79
79.79.79
79.79
79.79.79
79.79
79.79.79
79.79
79.79.79
79.79
79.79.79
79.79
79.79.79
79.79
79.79.79
79.79
79.79.79
79.79
79.79.79
79.79
79.79.79
79.79
79.79.79
79.79
79.79.79
79.79
79.79.79
79.79
79.79.79
79.79
79.79.79
79.79
79.79.79
79.79
79.79.79
79.79
79.79.79
79.79
79.79.79
79.79
79.79.79
79.79
79.79.79
79.79
79.79.79
79.79
79.79.79
79.79
79.79.79
79.79
79.79.79
79.79
79.79.79
79.79
79.79.79
79.79
79.79.79
79.79
79.79.79
79.79
79.79.79
79.79
79.79.79
79.79
79.79.79
79.79
79.79.79
79.79
79.79.79
79.79
79.79.79
79.79
79.79.79
79.79
79.79.79
79.79
79.79.79
79.79
79.79.79
79.79
79.79.53
79.79
79.53.53
79.53
53.53.53
53.53
53.53.53
53.53
53.53.53
53.53
53.53.53
53.53
53.53.53
53.53
53.53.53
53.53
53.53.53
53.53
53.53.53
53.53
53.53.53
53.53
53.53.53
53.53
53.53.53
53.53
53.53.53
53.53
53.53.53
53.53
53.53.53
53.53
53.53.53
53.53
53.53.53
53.53
53.53.53
53.53
53.53.53
53.53
53.53.53
53.53
53.53.53
53.53
53.53.53
53.53
53.53.53
53.53
53.53.53
53.53
53.53.53
53.53
53.53.53
53.53
53.53.53
53.53
53.53.53
53.53
53.53.53
53.53
53.53.53
53.53
53.53.53
53.53
53.53.53
53.53
53.53.53
53.53
53.53.53
53.53
53.53.53
53.53
53.53.53
53.53
53.53.53
53.53
53.53.53
53.53
53.53.53
53.53
53.53.53
53.53
53.53.53
53.53
53.53.53
53.53
53.53.53
53.53
53.53.53
53.53
53.53.53
53.53
53.53.53
53.53
53.53.53
53.53
53.53.53
53.53
53.53.53
53.53
53.53.53
53.53
53.53.53
53.53
53.53.53
53.53
53.53.53
53.53
53.53.53
53.53
53.53.53
53.53
53.53.53
53.53
53.53.53
53.53
53.53.48
53.53
53.48.48
53.48
48.48.48
48.48
48.48.48
48.48
48.48.48
48.48
48.48.48
48.48
48.48.48
48.48
48.48.48
48.48
48.48.48
48.48
48.48.48
48.48
48.48.48
48.48
48.48.48
48.48
48.48.48
48.48
48.48.48
48.48
48.48.48
48.48
48.48.48
48.48
48.48.48
48.48
48.48.48
48.48
48.48.48
48.48
48.48.48
48.48
48.48.48
48.48
48.48.48
48.48
48.48.48
48.48
48.48.48
48.48
48.48.48
48.48
48.48.48
48.48
48.48.48
48.48
48.48.48
48.48
48.48.48
48.48
48.48.48
48.48
48.48.48
48.48
48.48.48
48.48
48.48.48
48.48
48.48.48
48.48
48.48.48
48.48
48.48.48
48.48
48.48.48
48.48
48.48.48
48.48
48.48.48
48.48
48.48.48
48.48
48.48.48
48.48
48.48.48
48.48
48.48.48
48.48
48.48.48
48.48
48.48.48
48.48
48.48.48
48.48
48.48.48
48.48
48.48.48
48.48
48.48.48
48.48
48.48.48
48.48
48.48.48
48.48
48.48.48
48.48
48.48.31
48.48
48.31.31
48.31
31.31.31
31.31
31.31.31
31.31
31.31.31
31.31
31.31.31
31.31
31.31.31
31.31
31.31.31
31.31
31.31.31
31.31
31.31.31
31.31
31.31.31
31.31
31.31.31
31.31
31.31.31
31.31
31.31.31
31.31
31.31.31
31.31
31.31.31
31.31
31.31.31
31.31
31.31.31
31.31
31.31.31
31.31
31.31.31
31.31
31.31.31
31.31
31.31.31
31.31
31.31.31
31.31
31.31.31
31.31
31.31.31
31.31
31.31.31
31.31
31.31.31
31.31
31.31.31
31.31
31.31.31
31.31
31.31.31
31.31
31.31.31
31.31
31.31.31
31.31
31.31.31
31.31
31.31.31
31.31
31.31.31
31.31
31.31.31
31.31
31.31.31
31.31
31.31.31
31.31
31.31.31
31.31
31.31.31
31.31
31.31.31
31.31
31.31.31
31.31
31.31.31
31.31
31.31.31
31.31
31.31.31
31.31
31.31.31
31.31
31.31.31
31.31
31.31.31
31.31
31.31.31
31.31
31.31.31
31.31
31.31.31
31.31
31.31.31
31.31
31.31.31
31.31
31.31.31
31.31
31.31.31
31.31
31.31.31
31.31
31.31.31
31.31
31.31.31
31.31
31.31.31
31.31
31.31.31
31.31
31.31.100
31.31
31.100.100
31.100
100.100.100
100.100
100.100.100
100.100
100.100.100
100.100
100.100.100
100.100
100.100.100
100.100
100.100.100
100.100
100.100.100
100.100
100.100.100
100.100
100.100.100
100.100
100.100.100
100.100
100.100.100
100.100
100.100.100
100.100
100.100.100
100.100
100.100.100
100.100
100.100.100
100.100
100.100.100
100.100
100.100.100
100.100
100.100.100
100.100
100.100.100
100.100
100.100.100
100.100
100.100.100
100.100
100.100.100
100.100
100.100.100
100.100
100.100.100
100.100
100.100.100
100.100
100.100.100
100.100
100.100.100
100.100
100.100.100
100.100
100.100.100
100.100
100.100.100
100.100
100.100.100
100.100
100.100.100
100.100
100.100.100
100.100
100.100.100
100.100
100.100.100
100.100
100.100.100
100.100
100.100.100
100.100
100.100.100
100.100
100.100.100
100.100
100.100.100
100.100
100.100.100
100.100
100.100.100
100.100
100.100.100
100.100
100.100.100
100.100
100.100.100
100.100
100.100.100
100.100
100.100.100
100.100
100.100.100
100.100
100.100.100
100.100
100.100.100
100.100
100.100.100
100.100
100.100.100
100.100
100.100.100
100.100
100.100.100
100.100
100.100.100
100.100
100.100.100
100.100
100.100.100
100.100
100.100.100
100.100
100.100.100
100.100
100.100.100
100.100
100.100.100
100.100
100.100.100
100.100
100.100.100
100.100
100.100.100
100.100
100.100.79
100.100
100.79.79
100.79
79.79.79
79.79
79.79.79
79.79
79.79.79
79.79
79.79.79
79.79
79.79.79
79.79
79.79.79
79.79
79.79.79
79.79
79.79.79
79.79
79.79.79
79.79
79.79.79
79.79
79.79.79
79.79
79.79.79
79.79
79.79.79
79.79
79.79.79
79.79
79.79.79
79.79
79.79.79
79.79
79.79.79
79.79
79.79.79
79.79
79.79.79
79.79
79.79.79
79.79
79.79.79
79.79
79.79.79
79.79
79.79.79
79.79
79.79.79
79.79
79.79.79
79.79
79.79.79
79.79
79.79.79
79.79
79.79.79
79.79
79.79.79
79.79
79.79.79
79.79
79.79.79
79.79
79.79.79
79.79
79.79.79
79.79
79.79.79
79.79
79.79.79
79.79
79.79.79
79.79
79.79.79
79.79
79.79.79
79.79
79.79.79
79.79
79.79.79
79.79
79.79.79
79.79
79.79.79
79.79
79.79.79
79.79
79.79.79
79.79
79.79.79
79.79
79.79.79
79.79
79.79.79
79.79
79.79.79
79.79
79.79.79
79.79
79.79.79
79.79
79.79.79
79.79
79.79.79
79.79
79.79.79
79.79
79.79.79
79.79
79.79.79
79.79
79.79.79
79.79
79.79.79
79.79
79.79.79
79.79
79.79.79
79.79
79.79.79
79.79
79.79.79
79.79
79.79.79
79.79
79.79.79
79.79
79.79.79
79.79
79.79.79
79.79
79.79.79
79.79
79.79.79
79.79
79.79.79
79.79
79.79.79
79.79
79.79.79
79.79
79.79.79
79.79
79.79.79
79.79
79.79.79
79.79
79.79.79
79.79
79.79.79
79.79
79.79.79
79.79
79.79.79
79.79
79.79.79
79.79
79.79.79
79.79
79.79.79
79.79
79.79.79
79.79
79.79.79
79.79
79.79.79
79.79
79.79.79
79.79
79.79.79
79.79
79.79.62
79.79
79.62.62
79.62
62.62.62
62.62
62.62.62
62.62
62.62.62
62.62
62.62.62
62.62
62.62.62
62.62
62.62.62
62.62
62.62.62
62.62
62.62.62
62.62
62.62.62
62.62
62.62.62
62.62
62.62.62
62.62
62.62.62
62.62
62.62.62
62.62
62.62.62
62.62
62.62.62
62.62
62.62.62
62.62
62.62.62
62.62
62.62.62
62.62
62.62.62
62.62
62.62.62
62.62
62.62.62
62.62
62.62.62
62.62
62.62.62
62.62
62.62.62
62.62
62.62.62
62.62
62.62.62
62.62
62.62.62
62.62
62.62.62
62.62
62.62.25
62.62
62.25.25
62.25
25.25.25
25.25
25.25.25
25.25
25.25.25
25.25
25.25.25
25.25
25.25.25
25.25
25.25.25
25.25
25.25.25
25.25
25.25.25
25.25
25.25.25
25.25
25.25.25
25.25
25.25.25
25.25
25.25.25
25.25
25.25.25
25.25
25.25.25
25.25
25.25.25
25.25
25.25.25
25.25
25.25.25
25.25
25.25.25
25.25
25.25.25
25.25
25.25.25
25.25
25.25.25
25.25
25.25.25
25.25
25.25.25
25.25
25.25.25
25.25
25.25.25
25.25
25.25.25
25.25
25.25.25
25.25
25.25.25
25.25
25.25.25
25.25
25.25.25
25.25
25.25.25
25.25
25.25.25
25.25
25.25.25
25.25
25.25.25
25.25
25.25.25
25.25
25.25.25
25.25
25.25.25
25.25
25.25.25
25.25
25.25.25
25.25
25.25.25
25.25
25.25.25
25.25
25.25.25
25.25
25.25.25
25.25
25.25.25
25.25
25.25.25
25.25
25.25.25
25.25
25.25.25
25.25
25.25.25
25.25
25.25.25
25.25
25.25.25
25.25
25.25.25
25.25
25.25.25
25.25
25.25.25
25.25
25.25.25
25.25
25.25.25
25.25
25.25.25
25.25
25.25.25
25.25
25.25.25
25.25
25.25.25
25.25
25.25.25
25.25
25.25.25
25.25
25.25.25
25.25
25.25.25
25.25
25.25.25
25.25
25.25.25
25.25
25.25.25
25.25
25.25.25
25.25
25.25.25
25.25
25.25.25
25.25
25.25.25
25.25
25.25.25
25.25
25.25.25
25.25
25.25.25
25.25
25.25.25
25.25
25.25.25
25.25
25.25.25
25.25
25.25.25
25.25
25.25.25
25.25
25.25.25
25.25
25.25.25
25.25
25.25.25
25.25
25.25.25
25.25
25.25.25
25.25
25.25.25
25.25
25.25.25
25.25
25.25.25
25.25
25.25.25
25.25
25.25.25
25.25
25.25.25
25.25
25.25.25
25.25
25.25.25
25.25
25.25.25
25.25
25.25.25
25.25
25.25.25
25.25
25.25.25
25.25
25.25.25
25.25
25.25.25
25.25
25.25.25
25.25
25.25.25
25.25
25.25.25
25.25
25.25.25
25.25
25.25.25
25.25
25.25.25
25.25
25.25.25
25.25
25.25.25
25.25
25.25.25
25.25
25.25.25
25.25
25.25.25
25.25
25.25.25
25.25
25.25.25
25.25
25.25.25
25.25
25.25.25
25.25
25.25.25
25.25
25.25.64
25.25
25.64.64
25.64
64.64.64
64.64
64.64.64
64.64
64.64.64
64.64
64.64.64
64.64
64.64.64
64.64
64.64.64
64.64
64.64.64
64.64
64.64.64
64.64
64.64.64
64.64
64.64.64
64.64
64.64.64
64.64
64.64.64
64.64
64.64.64
64.64
64.64.64
64.64
64.64.64
64.64
64.64.64
64.64
64.64.64
64.64
64.64.64
64.64
64.64.64
64.64
64.64.64
64.64
64.64.64
64.64
64.64.64
64.64
64.64.64
64.64
64.64.64
64.64
64.64.64
64.64
64.64.64
64.64
64.64.64
64.64
64.64.64
64.64
64.64.64
64.64
64.64.64
64.64
64.64.64
64.64
64.64.64
64.64
64.64.64
64.64
64.64.64
64.64
64.64.64
64.64
64.64.64
64.64
64.64.64
64.64
64.64.64
64.64
64.64.64
64.64
64.64.64
64.64
64.64.64
64.64
64.64.64
64.64
64.64.64
64.64
64.64.64
64.64
64.64.64
64.64
64.64.64
64.64
64.64.64
64.64
64.64.64
64.64
64.64.64
64.64
64.64.64
64.64
64.64.64
64.64
64.64.64
64.64
64.64.64
64.64
64.64.64
64.64
64.64.64
64.64
64.64.64
64.64
64.64.64
64.64
64.64.64
64.64
64.64.64
64.64
64.64.64
64.64
64.64.64
64.64
64.64.64
64.64
64.64.64
64.64
64.64.64
64.64
64.64.64
64.64
64.64.64
64.64
64.64.64
64.64
64.64.64
64.64
64.64.64
64.64
64.64.64
64.64
64.64.64
64.64
64.64.64
64.64
64.64.64
64.64
64.64.64
64.64
64.64.64
64.64
64.64.64
64.64
64.64.64
64.64
64.64.64
64.64
64.64.64
64.64
64.64.64
64.64
64.64.64
64.64
64.64.64
64.64
64.64.64
64.64
64.64.64
64.64
64.64.64
64.64
64.64.64
64.64
64.64.64
64.64
64.64.64
64.64
64.64.64
64.64
64.64.64
64.64
64.64.88
64.64
64.88.88
64.88
88.88.88
88.88
88.88.88
88.88
88.88.88
88.88
88.88.88
88.88
88.88.88
88.88
88.88.88
88.88
88.88.88
88.88
88.88.88
88.88
88.88.88
88.88
88.88.88
88.88
88.88.88
88.88
88.88.88
88.88
88.88.88
88.88
88.88.88
88.88
88.88.88
88.88
88.88.88
88.88
88.88.88
88.88
88.88.88
88.88
88.88.88
88.88
88.88.88
88.88
88.88.88
88.88
88.88.88
88.88
88.88.88
88.88
88.88.88
88.88
88.88.88
88.88
88.88.88
88.88
88.88.88
88.88
88.88.88
88.88
88.88.88
88.88
88.88.88
88.88
88.88.88
88.88
88.88.88
88.88
88.88.88
88.88
88.88.84
88.88
88.84.84
88.84
84.84.84
84.84
84.84.84
84.84
84.84.84
84.84
84.84.84
84.84
84.84.84
84.84
84.84.84
84.84
84.84.84
84.84
84.84.84
84.84
84.84.84
84.84
84.84.84
84.84
84.84.84
84.84
84.84.84
84.84
84.84.84
84.84
84.84.84
84.84
84.84.84
84.84
84.84.84
84.84
84.84.84
84.84
84.84.84
84.84
84.84.84
84.84
84.84.84
84.84
84.84.84
84.84
84.84.84
84.84
84.84.84
84.84
84.84.84
84.84
84.84.84
84.84
84.84.84
84.84
84.84.84
84.84
84.84.84
84.84
84.84.84
84.84
84.84.84
84.84
84.84.84
84.84
84.84.84
84.84
84.84.84
84.84
84.84.84
84.84
84.84.84
84.84
84.84.84
84.84
84.84.84
84.84
84.84.84
84.84
84.84.84
84.84
84.84.84
84.84
84.84.84
84.84
84.84.84
84.84
84.84.84
84.84
84.84.84
84.84
84.84.84
84.84
84.84.84
84.84
84.84.84
84.84
84.84.84
84.84
84.84.84
84.84
84.84.84
84.84
84.84.84
84.84
84.84.84
84.84
84.84.84
84.84
84.84.84
84.84
84.84.84
84.84
84.84.84
84.84
84.84.84
84.84
84.84.84
84.84
84.84.84
84.84
84.84.84
84.84
84.84.84
84.84
84.84.84
84.84
84.84.84
84.84
84.84.84
84.84
84.84.84
84.84
84.84.84
84.84
84.84.84
84.84
84.84.84
84.84
84.84.84
84.84
84.84.84
84.84
84.84.84
84.84
84.84.84
84.84
84.84.84
84.84
84.84.84
84.84
84.84.84
84.84
84.84.84
84.84
84.84.84
84.84
84.84.84
84.84
84.84.84
84.84
84.84.84
84.84
84.84.84
84.84
84.84.84
84.84
84.84.84
84.84
84.84.84
84.84
84.84.84
84.84
84.84.84
84.84
84.84.84
84.84
84.84.84
84.84
84.84.84
84.84
84.84.84
84.84
84.84.84
84.84
84.84.84
84.84
84.84.84
84.84
84.84.84
84.84
84.84.84
84.84
84.84.84
84.84
84.84.84
84.84
84.84.84
84.84
84.84.84
84.84
84.84.84
84.84
84.84.84
84.84
84.84.84
84.84
84.84.38
84.84
84.38.38
84.38
38.38.38
38.38
38.38.38
38.38
38.38.38
38.38
38.38.38
38.38
38.38.38
38.38
38.38.38
38.38
38.38.38
38.38
38.38.38
38.38
38.38.38
38.38
38.38.38
38.38
38.38.38
38.38
38.38.38
38.38
38.38.38
38.38
38.38.38
38.38
38.38.38
38.38
38.38.38
38.38
38.38.38
38.38
38.38.38
38.38
38.38.38
38.38
38.38.38
38.38
38.38.38
38.38
38.38.38
38.38
38.38.38
38.38
38.38.38
38.38
38.38.38
38.38
38.38.38
38.38
38.38.38
38.38
38.38.38
38.38
38.38.38
38.38
38.38.38
38.38
38.38.38
38.38
38.38.38
38.38
38.38.38
38.38
38.38.38
38.38
38.38.38
38.38
38.38.38
38.38
38.38.38
38.38
38.38.38
38.38
38.38.38
38.38
38.38.38
38.38
38.38.38
38.38
38.38.55
38.38
38.55.55
38.55
55.55.55
55.55
55.55.55
55.55
55.55.55
55.55
55.55.55
55.55
55.55.55
55.55
55.55.55
55.55
55.55.55
55.55
55.55.55
55.55
55.55.55
55.55
55.55.55
55.55
55.55.55
55.55
55.55.55
55.55
55.55.55
55.55
55.55.55
55.55
55.55.55
55.55
55.55.55
55.55
55.55.55
55.55
55.55.55
55.55
55.55.55
55.55
55.55.55
55.55
55.55.55
55.55
55.55.55
55.55
55.55.55
55.55
55.55.55
55.55
55.55.55
55.55
55.55.55
55.55
55.55.55
55.55
55.55.55
55.55
55.55.55
55.55
55.55.55
55.55
55.55.55
55.55
55.55.55
55.55
55.55.55
55.55
55.55.55
55.55
55.55.55
55.55
55.55.55
55.55
55.55.55
55.55
55.55.55
55.55
55.55.55
55.55
55.55.55
55.55
55.55.55
55.55
55.55.55
55.55
55.55.55
55.55
55.55.55
55.55
55.55.55
55.55
55.55.55
55.55
55.55.55
55.55
55.55.55
55.55
55.55.55
55.55
55.55.55
55.55
55.55.55
55.55
55.55.55
55.55
55.55.55
55.55
55.55.55
55.55
55.55.55
55.55
55.55.55
55.55
55.55.55
55.55
55.55.55
55.55
55.55.55
55.55
55.55.55
55.55
55.55.53
55.55
55.53.53
55.53
53.53.53
53.53
53.53.53
53.53
53.53.53
53.53
53.53.53
53.53
53.53.53
53.53
53.53.53
53.53
53.53.53
53.53
53.53.53
53.53
53.53.53
53.53
53.53.53
53.53
53.53.53
53.53
53.53.53
53.53
53.53.53
53.53
53.53.53
53.53
53.53.53
53.53
53.53.53
53.53
53.53.53
53.53
53.53.53
53.53
53.53.53
53.53
53.53.53
53.53
53.53.53
53.53
53.53.53
53.53
53.53.53
53.53
53.53.53
53.53
53.53.53
53.53
53.53.53
53.53
53.53.53
53.53
53.53.53
53.53
53.53.53
53.53
53.53.53
53.53
53.53.53
53.53
53.53.53
53.53
53.53.53
53.53
53.53.53
53.53
53.53.53
53.53
53.53.53
53.53
53.53.53
53.53
53.53.53
53.53
53.53.53
53.53
53.53.53
53.53
53.53.53
53.53
53.53.53
53.53
53.53.53
53.53
53.53.53
53.53
53.53.53
53.53
53.53.53
53.53
53.53.53
53.53
53.53.53
53.53
53.53.53
53.53
53.53.53
53.53
53.53.53
53.53
53.53.87
53.53
53.87.87
53.87
87.87.87
87.87
87.87.87
87.87
87.87.87
87.87
87.87.87
87.87
87.87.87
87.87
87.87.87
87.87
87.87.87
87.87
87.87.87
87.87
87.87.87
87.87
87.87.87
87.87
87.87.87
87.87
87.87.87
87.87
87.87.87
87.87
87.87.87
87.87
87.87.87
87.87
87.87.87
87.87
87.87.87
87.87
87.87.87
87.87
87.87.87
87.87
87.87.87
87.87
87.87.87
87.87
87.87.87
87.87
87.87.87
87.87
87.87.87
87.87
87.87.87
87.87
87.87.87
87.87
87.87.87
87.87
87.87.87
87.87
87.87.87
87.87
87.87.87
87.87
87.87.87
87.87
87.87.87
87.87
87.87.87
87.87
87.87.87
87.87
87.87.87
87.87
87.87.87
87.87
87.87.87
87.87
87.87.87
87.87
87.87.87
87.87
87.87.87
87.87
87.87.87
87.87
87.87.87
87.87
87.87.87
87.87
87.87.87
87.87
87.87.87
87.87
87.87.87
87.87
87.87.87
87.87
87.87.26
87.87
87.26.26
87.26
26.26.26
26.26
26.26.26
26.26
26.26.26
26.26
26.26.26
26.26
26.26.26
26.26
26.26.26
26.26
26.26.26
26.26
26.26.26
26.26
26.26.26
26.26
26.26.26
26.26
26.26.26
26.26
26.26.26
26.26
26.26.26
26.26
26.26.26
26.26
26.26.26
26.26
26.26.26
26.26
26.26.26
26.26
26.26.26
26.26
26.26.26
26.26
26.26.26
26.26
26.26.26
26.26
26.26.26
26.26
26.26.26
26.26
26.26.26
26.26
26.26.26
26.26
26.26.26
26.26
26.26.26
26.26
26.26.26
26.26
26.26.26
26.26
26.26.26
26.26
26.26.26
26.26
26.26.26
26.26
26.26.26
26.26
26.26.26
26.26
26.26.26
26.26
26.26.26
26.26
26.26.26
26.26
26.26.26
26.26
26.26.26
26.26
26.26.26
26.26
26.26.26
26.26
26.26.26
26.26
26.26.26
26.26
26.26.26
26.26
26.26.26
26.26
26.26.26
26.26
26.26.26
26.26
26.26.26
26.26
26.26.26
26.26
26.26.26
26.26
26.26.26
26.26
26.26.26
26.26
26.26.26
26.26
26.26.26
26.26
26.26.26
26.26
26.26.26
26.26
26.26.26
26.26
26.26.26
26.26
26.26.26
26.26
26.26.26
26.26
26.26.26
26.26
26.26.26
26.26
26.26.26
26.26
26.26.26
26.26
26.26.26
26.26
26.26.26
26.26
26.26.26
26.26
26.26.26
26.26
26.26.26
26.26
26.26.26
26.26
26.26.26
26.26
26.26.26
26.26
26.26.26
26.26
26.26.26
26.26
26.26.26
26.26
26.26.26
26.26
26.26.26
26.26
26.26.26
26.26
26.26.26
26.26
26.26.26
26.26
26.26.26
26.26
26.26.26
26.26
26.26.26
26.26
26.26.26
26.26
26.26.26
26.26
26.26.26
26.26
26.26.26
26.26
26.26.26
26.26
26.26.48
26.26
26.48.48
26.48
48.48.48
48.48
48.48.48
48.48
48.48.48
48.48
48.48.48
48.48
48.48.48
48.48
48.48.48
48.48
48.48.48
48.48
48.48.48
48.48
48.48.48
48.48
48.48.48
48.48
48.48.48
48.48
48.48.48
48.48
48.48.48
48.48
48.48.48
48.48
48.48.48
48.48
48.48.48
48.48
48.48.48
48.48
48.48.48
48.48
48.48.48
48.48
48.48.48
48.48
48.48.48
48.48
48.48.48
48.48
48.48.48
48.48
48.48.48
48.48
48.48.48
48.48
48.48.48
48.48
48.48.48
48.48
48.48.48
48.48
48.48.48
48.48
48.48.48
48.48
48.48.48
48.48
48.48.48
48.48
48.48.48
48.48
48.48.48
48.48
48.48.48
48.48
48.48.48
48.48
48.48.48
48.48
48.48.48
48.48
48.48.48
48.48
48.48.48
48.48
48.48.48
48.48
48.48.48
48.48
48.48.48
48.48
48.48.48
48.48
48.48.48
48.48
48.48.48
48.48
48.48.48
48.48
48.48.48
48.48
48.48.48
48.48
48.48.48
48.48
48.48.48
48.48
48.48.48
48.48
48.48.48
48.48
48.48.48
48.48
48.48.48
48.48
48.48.48
48.48
48.48.48
48.48
48.48.41
48.48
48.41.41
48.41
41.41.41
41.41
41.41.41
41.41
41.41.41
41.41
41.41.41
41.41
41.41.41
41.41
41.41.41
41.41
41.41.41
41.41
41.41.41
41.41
41.41.41
41.41
41.41.41
41.41
41.41.41
41.41
41.41.41
41.41
41.41.41
41.41
41.41.41
41.41
41.41.41
41.41
41.41.41
41.41
41.41.41
41.41
41.41.41
41.41
41.41.41
41.41
41.41.41
41.41
41.41.41
41.41
41.41.41
41.41
41.41.41
41.41
41.41.41
41.41
41.41.41
41.41
41.41.41
41.41
41.41.41
41.41
41.41.41
41.41
41.41.41
41.41
41.41.41
41.41
41.41.41
41.41
41.41.41
41.41
41.41.41
41.41
41.41.41
41.41
41.41.41
41.41
41.41.41
41.41
41.41.41
41.41
41.41.41
41.41
41.41.41
41.41
41.41.41
41.41
41.41.41
41.41
41.41.41
41.41
41.41.41
41.41
41.41.41
41.41
41.41.41
41.41
41.41.41
41.41
41.41.41
41.41
41.41.41
41.41
41.41.41
41.41
41.41.41
41.41
41.41.41
41.41
41.41.41
41.41
41.41.41
41.41
41.41.41
41.41
41.41.41
41.41
41.41.41
41.41
41.41.41
41.41
41.41.41
41.41
41.41.41
41.41
41.41.41
41.41
41.41.41
41.41
41.41.41
41.41
41.41.41
41.41
41.41.41
41.41
41.41.41
41.41
41.41.41
41.41
41.41.41
41.41
41.41.41
41.41
41.41.41
41.41
41.41.41
41.41
41.41.41
41.41
41.41.41
41.41
41.41.41
41.41
41.41.41
41.41
41.41.41
41.41
41.41.41
41.41
41.41.41
41.41
41.41.41
41.41
41.41.41
41.41
41.41.41
41.41
41.41.41
41.41
41.41.50
41.41
41.50.50
41.50
50.50.50
50.50
50.50.50
50.50
50.50.50
50.50
50.50.50
50.50
50.50.50
50.50
50.50.50
50.50
50.50.50
50.50
50.50.50
50.50
50.50.50
50.50
50.50.50
50.50
50.50.50
50.50
50.50.50
50.50
50.50.50
50.50
50.50.50
50.50
50.50.50
50.50
50.50.50
50.50
50.50.50
50.50
50.50.50
50.50
50.50.50
50.50
50.50.50
50.50
50.50.50
50.50
50.50.50
50.50
50.50.50
50.50
50.50.50
50.50
50.50.50
50.50
50.50.50
50.50
50.50.50
50.50
50.50.50
50.50
50.50.50
50.50
50.50.50
50.50
50.50.50
50.50
50.50.50
50.50
50.50.50
50.50
50.50.50
50.50
50.50.50
50.50
50.50.50
50.50
50.50.50
50.50
50.50.50
50.50
50.50.50
50.50
50.50.50
50.50
50.50.50
50.50
50.50.50
50.50
50.50.50
50.50
50.50.50
50.50
50.50.50
50.50
50.50.50
50.50
50.50.50
50.50
50.50.50
50.50
50.50.50
50.50
50.50.50
50.50
50.50.50
50.50
50.50.50
50.50
50.50.50
50.50
50.50.50
50.50
50.50.50
50.50
50.50.50
50.50
50.50.50
50.50
50.50.50
50.50
50.50.50
50.50
50.50.50
50.50
50.50.50
50.50
50.50.50
50.50
50.50.50
50.50
50.50.50
50.50
50.50.50
50.50
50.50.50
50.50
50.50.50
50.50
50.50.50
50.50
50.50.50
50.50
50.50.50
50.50
50.50.50
50.50
50.50.50
50.50
50.50.50
50.50
50.50.50
50.50
50.50.50
50.50
50.50.50
50.50
50.50.50
50.50
50.50.50
50.50
50.50.50
50.50
50.50.50
50.50
50.50.50
50.50
50.50.50
50.50
50.50.50
50.50
50.50.50
50.50
50.50.50
50.50
50.50.50
50.50
50.50.50
50.50
50.50.50
50.50
50.50.50
50.50
50.50.50
50.50
50.50.50
50.50
50.50.49
50.50
50.49.49
50.49
49.49.49
49.49
49.49.49
49.49
49.49.49
49.49
49.49.49
49.49
49.49.49
49.49
49.49.49
49.49
49.49.49
49.49
49.49.49
49.49
49.49.49
49.49
49.49.49
49.49
49.49.49
49.49
49.49.49
49.49
49.49.49
49.49
49.49.49
49.49
49.49.49
49.49
49.49.49
49.49
49.49.49
49.49
49.49.49
49.49
49.49.49
49.49
49.49.49
49.49
49.49.49
49.49
49.49.49
49.49
49.49.49
49.49
49.49.49
49.49
49.49.49
49.49
49.49.49
49.49
49.49.49
49.49
49.49.49
49.49
49.49.49
49.49
49.49.49
49.49
49.49.49
49.49
49.49.49
49.49
49.49.49
49.49
49.49.49
49.49
49.49.90
49.49
49.90.90
49.90
90.90.90
90.90
90.90.90
90.90
90.90.90
90.90
90.90.90
90.90
90.90.90
90.90
90.90.90
90.90
90.90.90
90.90
90.90.90
90.90
90.90.90
90.90
90.90.90
90.90
90.90.90
90.90
90.90.90
90.90
90.90.90
90.90
90.90.90
90.90
90.90.90
90.90
90.90.90
90.90
90.90.90
90.90
90.90.90
90.90
90.90.90
90.90
90.90.90
90.90
90.90.90
90.90
90.90.90
90.90
90.90.90
90.90
90.90.90
90.90
90.90.90
90.90
90.90.90
90.90
90.90.90
90.90
90.90.90
90.90
90.90.90
90.90
90.90.90
90.90
90.90.90
90.90
90.90.90
90.90
90.90.90
90.90
90.90.90
90.90
90.90.90
90.90
90.90.90
90.90
90.90.90
90.90
90.90.90
90.90
90.90.90
90.90
90.90.90
90.90
90.90.90
90.90
90.90.90
90.90
90.90.90
90.90
90.90.90
90.90
90.90.90
90.90
90.90.90
90.90
90.90.90
90.90
90.90.90
90.90
90.90.90
90.90
90.90.90
90.90
90.90.90
90.90
90.90.90
90.90
90.90.90
90.90
90.90.90
90.90
90.90.90
90.90
90.90.90
90.90
90.90.90
90.90
90.90.90
90.90
90.90.90
90.90
90.90.90
90.90
90.90.90
90.90
90.90.90
90.90
90.90.90
90.90
90.90.90
90.90
90.90.90
90.90
90.90.90
90.90
90.90.90
90.90
90.90.90
90.90
90.90.90
90.90
90.90.90
90.90
90.90.90
90.90
90.90.90
90.90
90.90.90
90.90
90.90.90
90.90
90.90.90
90.90
90.90.90
90.90
90.90.90
90.90
90.90.90
90.90
90.90.90
90.90
90.90.90
90.90
90.90.90
90.90
90.90.90
90.90
90.90.90
90.90
90.90.90
90.90
90.90.90
90.90
90.90.90
90.90
90.90.90
90.90
90.90.90
90.90
90.90.90
90.90
90.90.90
90.90
90.90.90
90.90
90.90.90
90.90
90.90.90
90.90
90.90.90
90.90
90.90.90
90.90
90.90.90
90.90
90.90.90
90.90
90.90.90
90.90
90.90.90
90.90
90.90.90
90.90
90.90.90
90.90
90.90.90
90.90
90.90.90
90.90
90.90.90
90.90
90.90.90
90.90
90.90.90
90.90
90.90.90
90.90
90.90.90
90.90
90.90.90
90.90
90.90.90
90.90
90.90.90
90.90
90.90.90
90.90
90.90.90
90.90
90.90.90
90.90
90.90.90
90.90
90.90.90
90.90
90.90.90
90.90
90.90.90
90.90
90.90.90
90.90
90.90.90
90.90
90.90.90
90.90
90.90.90
90.90
90.90.34
90.90
90.34.34
90.34
34.34.34
34.34
34.34.34
34.34
34.34.34
34.34
34.34.34
34.34
34.34.34
34.34
34.34.34
34.34
34.34.34
34.34
34.34.34
34.34
34.34.34
34.34
34.34.34
34.34
34.34.34
34.34
34.34.34
34.34
34.34.34
34.34
34.34.34
34.34
34.34.34
34.34
34.34.34
34.34
34.34.34
34.34
34.34.34
34.34
34.34.34
34.34
34.34.34
34.34
34.34.34
34.34
34.34.34
34.34
34.34.34
34.34
34.34.34
34.34
34.34.34
34.34
34.34.34
34.34
34.34.34
34.34
34.34.34
34.34
34.34.34
34.34
34.34.34
34.34
34.34.34
34.34
34.34.34
34.34
34.34.34
34.34
34.34.34
34.34
34.34.34
34.34
34.34.34
34.34
34.34.34
34.34
34.34.34
34.34
34.34.34
34.34
34.34.34
34.34
34.34.34
34.34
34.34.34
34.34
34.34.34
34.34
34.34.34
34.34
34.34.34
34.34
34.34.34
34.34
34.34.34
34.34
34.34.34
34.34
34.34.34
34.34
34.34.34
34.34
34.34.34
34.34
34.34.34
34.34
34.34.34
34.34
34.34.34
34.34
34.34.34
34.34
34.34.34
34.34
34.34.34
34.34
34.34.100
34.34
34.100.100
34.100
100.100.100
100.100
100.100.100
100.100
100.100.100
100.100
100.100.100
100.100
100.100.100
100.100
100.100.100
100.100
100.100.100
100.100
100.100.100
100.100
100.100.100
100.100
100.100.100
100.100
100.100.100
100.100
100.100.100
100.100
100.100.100
100.100
100.100.100
100.100
100.100.100
100.100
100.100.100
100.100
100.100.100
100.100
100.100.100
100.100
100.100.100
100.100
100.100.100
100.100
100.100.100
100.100
100.100.100
100.100
100.100.100
100.100
100.100.100
100.100
100.100.100
100.100
100.100.100
100.100
100.100.100
100.100
100.100.100
100.100
100.100.100
100.100
100.100.100
100.100
100.100.100
100.100
100.100.100
100.100
100.100.100
100.100
100.100.100
100.100
100.100.100
100.100
100.100.100
100.100
100.100.100
100.100
100.100.100
100.100
100.100.100
100.100
100.100.100
100.100
100.100.100
100.100
100.100.100
100.100
100.100.100
100.100
100.100.100
100.100
100.100.100
100.100
100.100.100
100.100
100.100.100
100.100
100.100.100
100.100
100.100.100
100.100
100.100.100
100.100
100.100.100
100.100
100.100.100
100.100
100.100.100
100.100
100.100.100
100.100
100.100.100
100.100
100.100.100
100.100
100.100.100
100.100
100.100.100
100.100
100.100.100
100.100
100.100.82
100.100
100.82.82
100.82
82.82.82
82.82
82.82.82
82.82
82.82.82
82.82
82.82.82
82.82
82.82.82
82.82
82.82.82
82.82
82.82.82
82.82
82.82.82
82.82
82.82.82
82.82
82.82.82
82.82
82.82.82
82.82
82.82.82
82.82
82.82.82
82.82
82.82.82
82.82
82.82.82
82.82
82.82.82
82.82
82.82.82
82.82
82.82.82
82.82
82.82.82
82.82
82.82.82
82.82
82.82.82
82.82
82.82.82
82.82
82.82.82
82.82
82.82.82
82.82
82.82.82
82.82
82.82.82
82.82
82.82.82
82.82
82.82.82
82.82
82.82.82
82.82
82.82.82
82.82
82.82.82
82.82
82.82.82
82.82
82.82.82
82.82
82.82.82
82.82
82.82.82
82.82
82.82.82
82.82
82.82.82
82.82
82.82.82
82.82
82.82.82
82.82
82.82.82
82.82
82.82.82
82.82
82.82.82
82.82
82.82.82
82.82
82.82.82
82.82
82.82.82
82.82
82.82.82
82.82
82.82.82
82.82
82.82.82
82.82
82.82.82
82.82
82.82.82
82.82
82.82.82
82.82
82.82.82
82.82
82.82.82
82.82
82.82.82
82.82
82.82.82
82.82
82.82.82
82.82
82.82.82
82.82
82.82.82
82.82
82.82.82
82.82
82.82.82
82.82
82.82.82
82.82
82.82.82
82.82
82.82.82
82.82
82.82.82
82.82
82.82.82
82.82
82.82.82
82.82
82.82.82
82.82
82.82.82
82.82
82.82.82
82.82
82.82.82
82.82
82.82.82
82.82
82.82.82
82.82
82.82.82
82.82
82.82.82
82.82
82.82.82
82.82
82.82.82
82.82
82.82.82
82.82
82.82.82
82.82
82.82.82
82.82
82.82.82
82.82
82.82.82
82.82
82.82.82
82.82
82.82.82
82.82
82.82.82
82.82
82.82.82
82.82
82.82.82
82.82
82.82.82
82.82
82.82.82
82.82
82.82.82
82.82
82.82.82
82.82
82.82.82
82.82
82.82.82
82.82
82.82.82
82.82
82.82.82
82.82
82.82.76
82.82
82.76.76
82.76
76.76.76
76.76
76.76.76
76.76
76.76.76
76.76
76.76.76
76.76
76.76.76
76.76
76.76.76
76.76
76.76.76
76.76
76.76.76
76.76
76.76.76
76.76
76.76.76
76.76
76.76.76
76.76
76.76.76
76.76
76.76.76
76.76
76.76.76
76.76
76.76.76
76.76
76.76.76
76.76
76.76.76
76.76
76.76.76
76.76
76.76.76
76.76
76.76.76
76.76
76.76.76
76.76
76.76.76
76.76
76.76.76
76.76
76.76.76
76.76
76.76.76
76.76
76.76.76
76.76
76.76.76
76.76
76.76.76
76.76
76.76.76
76.76
76.76.76
76.76
76.76.76
76.76
76.76.76
76.76
76.76.76
76.76
76.76.76
76.76
76.76.76
76.76
76.76.76
76.76
76.76.76
76.76
76.76.76
76.76
76.76.76
76.76
76.76.76
76.76
76.76.76
76.76
76.76.76
76.76
76.76.76
76.76
76.76.76
76.76
76.76.76
76.76
76.76.76
76.76
76.76.76
76.76
76.76.76
76.76
76.76.76
76.76
76.76.76
76.76
76.76.76
76.76
76.76.76
76.76
76.76.76
76.76
76.76.76
76.76
76.76.76
76.76
76.76.76
76.76
76.76.76
76.76
76.76.76
76.76
76.76.76
76.76
76.76.76
76.76
76.76.76
76.76
76.76.76
76.76
76.76.76
76.76
76.76.76
76.76
76.76.76
76.76
76.76.76
76.76
76.76.76
76.76
76.76.76
76.76
76.76.76
76.76
76.76.76
76.76
76.76.76
76.76
76.76.76
76.76
76.76.76
76.76
76.76.97
76.76
76.97.97
76.97
97.97.97
97.97
97.97.97
97.97
97.97.97
97.97
97.97.97
97.97
97.97.97
97.97
97.97.97
97.97
97.97.97
97.97
97.97.97
97.97
97.97.97
97.97
97.97.97
97.97
97.97.97
97.97
97.97.97
97.97
97.97.97
97.97
97.97.97
97.97
97.97.97
97.97
97.97.97
97.97
97.97.97
97.97
97.97.97
97.97
97.97.97
97.97
97.97.97
97.97
97.97.97
97.97
97.97.97
97.97
97.97.97
97.97
97.97.97
97.97
97.97.97
97.97
97.97.97
97.97
97.97.97
97.97
97.97.97
97.97
97.97.97
97.97
97.97.49
97.97
97.49.49
97.49
49.49.49
49.49
49.49.49
49.49
49.49.49
49.49
49.49.49
49.49
49.49.49
49.49
49.49.49
49.49
49.49.49
49.49
49.49.49
49.49
49.49.49
49.49
49.49.49
49.49
49.49.49
49.49
49.49.49
49.49
49.49.49
49.49
49.49.49
49.49
49.49.49
49.49
49.49.49
49.49
49.49.49
49.49
49.49.49
49.49
49.49.49
49.49
49.49.49
49.49
49.49.49
49.49
49.49.49
49.49
49.49.49
49.49
49.49.49
49.49
49.49.49
49.49
49.49.49
49.49
49.49.49
49.49
49.49.49
49.49
49.49.49
49.49
49.49.49
49.49
49.49.49
49.49
49.49.49
49.49
49.49.49
49.49
49.49.49
49.49
49.49.49
49.49
49.49.49
49.49
49.49.49
49.49
49.49.49
49.49
49.49.49
49.49
49.49.49
49.49
49.49.49
49.49
49.49.95
49.49
49.95.95
49.95
95.95.95
95.95
95.95.95
95.95
95.95.95
95.95
95.95.95
95.95
95.95.95
95.95
95.95.95
95.95
95.95.95
95.95
95.95.95
95.95
95.95.95
95.95
95.95.95
95.95
95.95.95
95.95
95.95.95
95.95
95.95.95
95.95
95.95.95
95.95
95.95.95
95.95
95.95.95
95.95
95.95.95
95.95
95.95.95
95.95
95.95.95
95.95
95.95.95
95.95
95.95.95
95.95
95.95.95
95.95
95.95.95
95.95
95.95.95
95.95
95.95.95
95.95
95.95.95
95.95
95.95.95
95.95
95.95.95
95.95
95.95.95
95.95
95.95.95
95.95
95.95.95
95.95
95.95.95
95.95
95.95.95
95.95
95.95.95
95.95
95.95.95
95.95
95.95.95
95.95
95.95.85
95.95
95.85.85
95.85
85.85.85
85.85
85.85.85
85.85
85.85.85
85.85
85.85.85
85.85
85.85.85
85.85
85.85.85
85.85
85.85.85
85.85
85.85.85
85.85
85.85.85
85.85
85.85.85
85.85
85.85.85
85.85
85.85.85
85.85
85.85.85
85.85
85.85.85
85.85
85.85.85
85.85
85.85.85
85.85
85.85.85
85.85
85.85.85
85.85
85.85.85
85.85
85.85.85
85.85
85.85.85
85.85
85.85.85
85.85
85.85.85
85.85
85.85.85
85.85
85.85.85
85.85
85.85.85
85.85
85.85.85
85.85
85.85.85
85.85
85.85.85
85.85
85.85.85
85.85
85.85.85
85.85
85.85.85
85.85
85.85.85
85.85
85.85.85
85.85
85.85.60
85.85
85.60.60
85.60
60.60.60
60.60
60.60.60
60.60
60.60.60
60.60
60.60.60
60.60
60.60.60
60.60
60.60.60
60.60
60.60.60
60.60
60.60.60
60.60
60.60.60
60.60
60.60.60
60.60
60.60.60
60.60
60.60.60
60.60
60.60.60
60.60
60.60.60
60.60
60.60.60
60.60
60.60.21
60.60
60.21.21
60.21
21.21.21
21.21
21.21.21
21.21
21.21.21
21.21
21.21.21
21.21
21.21.21
21.21
21.21.21
21.21
21.21.21
21.21
21.21.21
21.21
21.21.21
21.21
21.21.21
21.21
21.21.21
21.21
21.21.21
21.21
21.21.21
21.21
21.21.21
21.21
21.21.21
21.21
21.21.21
21.21
21.21.21
21.21
21.21.21
21.21
21.21.21
21.21
21.21.21
21.21
21.21.21
21.21
21.21.21
21.21
21.21.21
21.21
21.21.21
21.21
21.21.21
21.21
21.21.21
21.21
21.21.21
21.21
21.21.21
21.21
21.21.21
21.21
21.21.21
21.21
21.21.21
21.21
21.21.21
21.21
21.21.21
21.21
21.21.21
21.21
21.21.21
21.21
21.21.21
21.21
21.21.21
21.21
21.21.21
21.21
21.21.21
21.21
21.21.21
21.21
21.21.21
21.21
21.21.21
21.21
21.21.21
21.21
21.21.21
21.21
21.21.21
21.21
21.21.21
21.21
21.21.21
21.21
21.21.21
21.21
21.21.21
21.21
21.21.21
21.21
21.21.21
21.21
21.21.21
21.21
21.21.21
21.21
21.21.21
21.21
21.21.21
21.21
21.21.21
21.21
21.21.21
21.21
21.21.21
21.21
21.21.21
21.21
21.21.21
21.21
21.21.21
21.21
21.21.21
21.21
21.21.21
21.21
21.21.21
21.21
21.21.21
21.21
21.21.21
21.21
21.21.21
21.21
21.21.21
21.21
21.21.43
21.21
21.43.43
21.43
43.43.43
43.43
43.43.43
43.43
43.43.43
43.43
43.43.43
43.43
43.43.43
43.43
43.43.43
43.43
43.43.43
43.43
43.43.43
43.43
43.43.43
43.43
43.43.43
43.43
43.43.43
43.43
43.43.43
43.43
43.43.43
43.43
43.43.43
43.43
43.43.43
43.43
43.43.43
43.43
43.43.43
43.43
43.43.43
43.43
43.43.43
43.43
43.43.43
43.43
43.43.43
43.43
43.43.43
43.43
43.43.43
43.43
43.43.43
43.43
43.43.43
43.43
43.43.43
43.43
43.43.43
43.43
43.43.43
43.43
43.43.43
43.43
43.43.43
43.43
43.43.43
43.43
43.43.43
43.43
43.43.43
43.43
43.43.43
43.43
43.43.43
43.43
43.43.43
43.43
43.43.43
43.43
43.43.43
43.43
43.43.43
43.43
43.43.43
43.43
43.43.43
43.43
43.43.43
43.43
43.43.43
43.43
43.43.43
43.43
43.43.43
43.43
43.43.43
43.43
43.43.43
43.43
43.43.43
43.43
43.43.43
43.43
43.43.43
43.43
43.43.43
43.43
43.43.43
43.43
43.43.43
43.43
43.43.43
43.43
43.43.43
43.43
43.43.43
43.43
43.43.43
43.43
43.43.43
43.43
43.43.43
43.43
43.43.43
43.43
43.43.43
43.43
43.43.43
43.43
43.43.43
43.43
43.43.43
43.43
43.43.43
43.43
43.43.43
43.43
43.43.43
43.43
43.43.43
43.43
43.43.43
43.43
43.43.43
43.43
43.43.43
43.43
43.43.43
43.43
43.43.43
43.43
43.43.43
43.43
43.43.43
43.43
43.43.43
43.43
43.43.43
43.43
43.43.43
43.43
43.43.43
43.43
43.43.43
43.43
43.43.43
43.43
43.43.43
43.43
43.43.43
43.43
43.43.43
43.43
43.43.43
43.43
43.43.43
43.43
43.43.43
43.43
43.43.43
43.43
43.43.43
43.43
43.43.43
43.43
43.43.43
43.43
43.43.43
43.43
43.43.43
43.43
43.43.43
43.43
43.43.43
43.43
43.43.43
43.43
43.43.43
43.43
43.43.43
43.43
{2: 6.077642243349034, 3: 6.077642243349034}
